[gd_scene load_steps=10 format=3 uid="uid://deeryhksmvs2m"]

[ext_resource type="Script" path="res://enemy/enemy_controller.gd" id="1_pi25j"]
[ext_resource type="Script" path="res://enemy/enemy_sound_effects.gd" id="2_jaulv"]
[ext_resource type="Script" path="res://enemy/enemy_walking_sounds.gd" id="3_ruucy"]
[ext_resource type="AudioStream" uid="uid://c46xfjlsommfp" path="res://audio/sound_files/monster/Monster_Footsteps.mp3" id="3_wgj4f"]
[ext_resource type="PackedScene" uid="uid://dgyo2xln80eos" path="res://enemy/enemy_mesh.tscn" id="5_bficc"]

[sub_resource type="CapsuleShape3D" id="CapsuleShape3D_x8y0j"]

[sub_resource type="BoxShape3D" id="BoxShape3D_m7tor"]
size = Vector3(1, 2, 1)

[sub_resource type="SphereShape3D" id="SphereShape3D_164af"]
radius = 23.8479

[sub_resource type="BoxShape3D" id="BoxShape3D_3c80v"]
size = Vector3(1, 1.5, 0.5)

[node name="Enemy" type="CharacterBody3D" node_paths=PackedStringArray("sound_effects", "walking_sound")]
script = ExtResource("1_pi25j")
sound_effects = NodePath("EnemySoundEffects")
walking_sound = NodePath("EnemyWalkingSounds")

[node name="CollisionShape3D" type="CollisionShape3D" parent="."]
transform = Transform3D(1, 0, 0, 0, 1, 0, 0, 0, 1, 0, 1, 0)
shape = SubResource("CapsuleShape3D_x8y0j")

[node name="Hitbox" type="Area3D" parent="."]
transform = Transform3D(1, 0, 0, 0, 1, 0, 0, 0, 1, 0, 1, 0)

[node name="CollisionShape3D" type="CollisionShape3D" parent="Hitbox"]
shape = SubResource("BoxShape3D_m7tor")

[node name="Player_Detection" type="Area3D" parent="."]

[node name="CollisionShape3D" type="CollisionShape3D" parent="Player_Detection"]
shape = SubResource("SphereShape3D_164af")

[node name="Damage_Detection" type="Area3D" parent="."]

[node name="CollisionShape3D" type="CollisionShape3D" parent="Damage_Detection"]
transform = Transform3D(1, 0, 0, 0, 1, 0, 0, 0, 1, 0, 1, -0.75)
shape = SubResource("BoxShape3D_3c80v")

[node name="NavigationAgent3D" type="NavigationAgent3D" parent="."]
path_height_offset = 0.5

[node name="Face_Direction" type="Node3D" parent="."]

[node name="EnemySoundEffects" type="AudioStreamPlayer3D" parent="."]
bus = &"SoundEffects"
script = ExtResource("2_jaulv")

[node name="EnemyWalkingSounds" type="AudioStreamPlayer3D" parent="."]
stream = ExtResource("3_wgj4f")
pitch_scale = 1.4
bus = &"SoundEffects"
script = ExtResource("3_ruucy")

[node name="Enemy_Mesh" parent="." instance=ExtResource("5_bficc")]
transform = Transform3D(-1, 0, -8.74228e-08, 0, 1, 0, 8.74228e-08, 0, -1, 0, 0, 0)

[node name="BoneAttachment3D" parent="Enemy_Mesh/Armature/Skeleton3D" index="2"]
transform = Transform3D(0.993249, -0.0602716, -0.0991096, 0.106622, 0.137861, 0.984696, -0.0456859, -0.988616, 0.143356, 0.645926, 0.379671, -157.702)

[node name="BoneAttachment3D2" parent="Enemy_Mesh/Armature/Skeleton3D" index="3"]
transform = Transform3D(0.521774, 0.283471, -0.804609, -0.841764, 0.0179436, -0.539547, -0.138509, 0.958813, 0.247979, 19.585, -4.4779, -140.748)

[node name="BoneAttachment3D4" parent="Enemy_Mesh/Armature/Skeleton3D" index="4"]
transform = Transform3D(0.367313, -0.303577, 0.87916, 0.923926, 0.0103811, -0.382431, 0.10697, 0.952751, 0.284295, -17.7778, -7.44015, -140.913)

[node name="BoneAttachment3D3" parent="Enemy_Mesh/Armature/Skeleton3D" index="5"]
transform = Transform3D(-0.972521, 0.0231297, 0.231665, 0.216397, -0.277258, 0.936109, 0.0858831, 0.960517, 0.264634, 10.9996, 8.53547, -50.965)

[node name="BoneAttachment3D5" parent="Enemy_Mesh/Armature/Skeleton3D" index="6"]
transform = Transform3D(-0.961227, -0.0405105, -0.272769, -0.25724, -0.224662, 0.939869, -0.0993554, 0.973595, 0.205531, -13.8687, 7.20569, -51.4808)

[editable path="Enemy_Mesh"]
